Mae, 50.14, 28.59, 15.67, 81.24, 40.56, 63.21, 53.15, 22.7, 31.82, 54.55
Jesse, 92.11, 36.55, 87.2, 58.78, 87.86, 33.58, 22.1, 23.46
Santiago, 55.45, 60.42, 75.72, 41.46, 61.6, 60.53, 26.15, 75.37, 76.02, 12.33, 87.3
Faith, 70.76, 27.54, 60.65, 93.48
Sue, 23.08, 61.63, 67.65, 57.31, 11.65, 61.28
Jerome, 90.84, 29.34, 11.87, 81.45, 27.12, 54.61, 52.47, 31.78, 72.2, 59.26, 88.52, 85.74, 77.32, 37.6, 20.22
Rosalie, 28.78, 48.99, 57.61, 36.3, 29.31, 83.82, 93.16, 75.05, 85.72, 15.32, 44.96
Andy, 16.59, 70.12, 25.58, 68.51, 50.72, 29.59, 19.32, 39.83, 33.03, 80.41, 80.87, 15.31
Leah, 45.83, 55.48, 19.49, 46.62, 90.91, 43, 14.2, 23.17
Arturo, 52.23, 51.21, 26.1, 86.95, 45.08, 60.21, 11.9, 11.3, 65.97, 74.47
